14
1 2 0.01938 0.05917 0.0528
2 3 0.04699 0.19797 0.0438
2 4 0.05811 0.17632 0.0340
1 5 0.05403 0.22304 0.0492
2 5 0.05695 0.17388 0.0346
3 4 0.06701 0.17103 0.0128
4 5 0.01335 0.04211 0.0000
7 8 0.00000 0.17615 0.0000
7 9 0.00000 0.11001 0.0000
9 10 0.03181 0.08450 0.0000
6 11 0.09498 0.19890 0.0000
6 12 0.12291 0.25581 0.0000
6 13 0.06615 0.13027 0.0000
9 14 0.12711 0.27038 0.0000
10 11 0.08205 0.19207 0.0000
12 13 0.22092 0.19988 0.0000
13 14 0.17093 0.34802 0.0000

1 1 1.06 0 0 0
2 2 1.045 0 0.40-0.217 -0.127
3 2 1.010 0 -0.942 -0.19
4 3 1 0 -0.478 0.039
5 3 1 0 -0.076 -0.016
6 2 1.070 0 -0.112 -0.075
7 3 1 0 0 0
8 2 1.090 0 0 0
9 3 1 0 -0.295 -0.166
10 3 1 0 -0.09 -0.058
11 3 1 0 -0.035 -0.018
12 3 1 0 -0.061 -0.016
13 3 1 0 -0.135 -0.058
14 3 1 0 -0.149 -0.05
